,0,1,2,3,4,5,6,7,8,9,10,11,12,13,14,15,16,17,18,19,20,21,22,23,24,25,26,27,28,29,30,31,32,33,34,35,36,37,38,39,40,41,42,43,44,45,46,47,48,49,50,51,52,53,54,55,56,57,58,59,60,61,62,63,64,65,66,67,68,69,70,71,72,73,74,75,76,77,78
0,0.0,-1.6580190000000012,-2.2114938170909104,-3.2598004395489317,-4.514918248680407,-5.704036800187034,-6.5467801332648525,-7.228879140437453,-7.729870650546339,-8.586679748104652,-8.993757273550568,-9.559022110167014,-10.046290932603723,-10.342115531926686,-10.481932448118945,-10.817991149386627,-11.032043580370217,-11.229303012928524,-11.636142877589984,-11.870766948781961,-12.071646377586848,-12.279882193383283,-12.39613259525866,-12.54061736394294,-12.729889901647109,-12.829628843957392,-12.927211337785659,-13.169254349004232,-13.293427990868476,-13.369705829604747,-13.459133254254603,-13.537641373947189,-13.616786425256123,-13.697224220623706,-13.738759093634386,-13.80048599357443,-13.859594234993256,-13.939869027307674,-14.03165000835525,-14.12713992015896,-14.20102066736327,-14.236212380351187,-14.281809989931837,-14.32146264794151,-14.353895533173128,-14.384668529042038,-14.420464300171579,-14.453719978583978,-14.471128670668623,-14.485655185357897,-14.551166885563024,-14.607773537652168,-14.642236112909064,-14.693985614713089,-14.751418323331247,-14.80857902268221,-14.840287932433245,-14.869773027081242,-14.923956066239809,-14.947348434126555,-14.958476248784955,-14.967002811855084,-14.974393843250352,-14.980773882000321,-14.985926065249425,-15.003886646702194,-15.024381127954152,-15.04131480737782,-15.05254020524684,-15.05953252469104,-15.06898352873425,-15.072955536968157,-15.075332499180105,-15.082600026992242,-15.087786559079097,-15.09025796499421,-15.09341971573089,-15.095078920723783,-15.095078920723783
1,0.0,-2.835228000000002,-3.807015430487737,-4.688735853076043,-5.737557911773656,-6.701179960190772,-7.375683991022576,-7.9276948046039575,-8.35568578629594,-9.132273490853562,-9.47732824577069,-9.9263077451452,-10.340374794245353,-10.602322524286253,-10.679856520924082,-10.99896488388654,-11.126033276897674,-11.272243901879502,-11.662020333457935,-11.849838574480422,-11.999837183001924,-12.09701977796327,-12.207851660859067,-12.27517461623357,-12.467059859850243,-12.5218868042278,-12.570867818651225,-12.81450473479662,-12.904350476969789,-12.966558328152672,-13.001396993954296,-13.02645486936074,-13.092271587269341,-13.122237371599184,-13.139192375234483,-13.181102663614245,-13.232047387518783,-13.264529001042142,-13.339957425947224,-13.368112761221548,-13.406452589735874,-13.418499811366129,-13.436080852079844,-13.452983290468895,-13.469622319206582,-13.48995063502052,-13.503752012221918,-13.532744396375632,-13.539339695313512,-13.544662467664443,-13.56949182839015,-13.611360777089539,-13.624053353278684,-13.642508899824048,-13.692285452874298,-13.712874210031744,-13.74033692931934,-13.767867850080954,-13.815070923597554,-13.823537821704157,-13.827406569301159,-13.83007442696224,-13.831386370123244,-13.833408193197355,-13.83421523541763,-13.840356373942166,-13.859724821429927,-13.875681103546274,-13.879993827447807,-13.883590932545548,-13.887253368936213,-13.888397345426224,-13.89065458133643,-13.892277836692958,-13.896248097255473,-13.898606757139126,-13.899484500046203,-13.899889894223035,-13.899889894223035
2,0.0,-1.6987681989326473,-2.390198197480264,-2.9622637935003797,-3.652661616099032,-4.275755796873629,-4.7507590519659155,-5.097468117784588,-5.382293107201623,-5.982759073565256,-6.194192870372127,-6.460577996027569,-6.724270708281105,-6.920321378870031,-7.018135826094859,-7.219361876237671,-7.354423154819546,-7.452880584894489,-7.707617432195016,-7.809279377662968,-7.919621862724443,-8.05328904288911,-8.131325465529281,-8.220129687302572,-8.34295223500254,-8.402574947126746,-8.45550417207277,-8.640055519217983,-8.698403285581199,-8.751894293074125,-8.769001551857947,-8.820972798165283,-8.872789911645606,-8.926000957509581,-8.95166753987564,-8.999446141299963,-9.034622042755004,-9.081975453210132,-9.131290437025514,-9.175473128989974,-9.21399710237896,-9.240497640226152,-9.269205604212882,-9.287248352642386,-9.307462867656948,-9.332280415792578,-9.353533111892046,-9.37142786146573,-9.381774344062416,-9.390555553975398,-9.431925915007074,-9.463564352936036,-9.485266489123845,-9.519140170977925,-9.546359980958039,-9.584563538353224,-9.618354569756093,-9.636152225960082,-9.664602822235626,-9.67878260475133,-9.684159448355931,-9.689826385409882,-9.689163539366884,-9.693107053660539,-9.696904699834183,-9.705509884891024,-9.714512790565704,-9.722835412958705,-9.72969025645831,-9.733546200076509,-9.738996471240629,-9.741623087788657,-9.742793863108018,-9.747434652246552,-9.750440298423012,-9.751540742041325,-9.753029805213894,-9.754314176812832,-9.754314176812832
3,0.0,-2.700855000000002,-3.448229186984129,-3.974114351242458,-4.705235309029999,-5.316339713750994,-5.776553633123403,-6.0528524260554555,-6.340134800171731,-6.838991289246963,-7.046938756072127,-7.309771899366535,-7.570402686366422,-7.727149667429131,-7.823540147350434,-8.031983561679255,-8.164019710058554,-8.237080377690317,-8.492154520549224,-8.599199585381879,-8.71557117932911,-8.85324678956317,-8.935104154900127,-9.027276801234812,-9.117278898021167,-9.180929123558965,-9.243752060721787,-9.438108519768601,-9.472952874843672,-9.529830553776977,-9.56412039726112,-9.619566172433377,-9.674968418428337,-9.726842756449294,-9.751858362095803,-9.809045465431284,-9.845713377700221,-9.896265013446778,-9.923300750514189,-9.979928683899413,-10.017217081040632,-10.042983272519896,-10.073928680757632,-10.093637079192055,-10.11470141821457,-10.143908359975729,-10.165825664856632,-10.183838946347706,-10.193753918016887,-10.202167850486141,-10.219845379512027,-10.253862950292866,-10.274972107520325,-10.30792144348462,-10.33851353710551,-10.38037520204086,-10.425828115178913,-10.44422831238325,-10.471964615389362,-10.486275168180377,-10.494736556404403,-10.500159251692827,-10.502402741318415,-10.506705088006214,-10.510198440076822,-10.513711687731236,-10.52283352443774,-10.531674669875455,-10.53883107783356,-10.542515553533088,-10.550445296111743,-10.552856448343363,-10.55399005242338,-10.558389123471317,-10.561073056234104,-10.562138179215816,-10.56424758084737,-10.565653584670674,-10.565653584670674
4,0.0,-1.0881827552097034,-1.50552207388719,-1.8027951218361102,-2.2213940690404463,-2.543410733892606,-2.7854659318551027,-2.8906996057497603,-3.046494692818752,-3.302818528701226,-3.4097084630077723,-3.527780747433074,-3.666702927830124,-3.746395562848526,-3.7897148084714787,-3.9038005451643034,-3.9658997796771813,-3.982813754436482,-4.129981421898533,-4.165406446854042,-4.2138963223597035,-4.264725459633753,-4.304904750715337,-4.335773609331985,-4.382525603117803,-4.411264790826013,-4.427830761495232,-4.552188891933522,-4.551358728911209,-4.583370373565281,-4.585059102095353,-4.60446995131342,-4.636889803548962,-4.658118565186411,-4.6682097751341525,-4.693321790239931,-4.713362190402841,-4.730725290352462,-4.727760753077468,-4.739959384936714,-4.757008180319157,-4.769152509371483,-4.780605248916075,-4.785660893631104,-4.796029984980505,-4.810615326806939,-4.818478984152205,-4.827100106115154,-4.8309949672585555,-4.834284925654583,-4.82309891865092,-4.833974214016238,-4.842842049510068,-4.857745020327117,-4.870952713839728,-4.888039043513321,-4.90860095615465,-4.920631277108256,-4.935890792855141,-4.94078478269403,-4.943103184659547,-4.9458653949164315,-4.944529282397329,-4.946078874461891,-4.947603841284242,-4.941049820640869,-4.945161295141238,-4.949372315628474,-4.9519708710453925,-4.9538977380795695,-4.956923962592635,-4.957975326803462,-4.958586082243114,-4.960499750653255,-4.961322105502749,-4.961867027451068,-4.962450828529007,-4.9630217263268515,-4.9630217263268515
5,0.0,0.08442024479029742,-0.008958966776077801,-0.03082119489744236,-0.12468640660911663,-0.21510990012734,-0.26788388372613225,-0.298328972977927,-0.3374957385216514,-0.47232053104702043,-0.47497401761867974,-0.45788460321271596,-0.46579907879721727,-0.5133385247253339,-0.5091432727013103,-0.5420128493211412,-0.5312196531885299,-0.5322486979800896,-0.5649602037730682,-0.5363194211525224,-0.5262809295834392,-0.5025760012825005,-0.48311002088635757,-0.4576436146029058,-0.4986565648814495,-0.4960663992086364,-0.46010393275857003,-0.5217750851199017,-0.5190069531328149,-0.5229456565266769,-0.45287294380049553,-0.44365407197593487,-0.4495088132267977,-0.442267730612624,-0.4371070728383958,-0.4275676807280146,-0.42931103553200406,-0.4188977155082653,-0.42055896502049056,-0.3804926457782834,-0.37360954124073426,-0.3716744512401576,-0.36622608563012493,-0.35958573089644275,-0.36102932363909995,-0.35826500805764755,-0.3535283198654036,-0.34248919278630097,-0.3403097053230043,-0.3381793467192159,-0.33762406534680806,-0.3260301857628532,-0.32085075310905553,-0.3165398987433278,-0.31367915500507426,-0.3103157043512262,-0.301147587126617,-0.3049830062506418,-0.3067887606855376,-0.30302844430686404,-0.2988310985884181,-0.2987608971895875,-0.28751864049245207,-0.2868945501970153,-0.2865649449921615,-0.28258417045456524,-0.28088635428340947,-0.28055678546776125,-0.27883380549421544,-0.27908691705837957,-0.277065052819408,-0.27674132532597184,-0.2767720111956731,-0.2760034358900031,-0.27461420825521576,-0.27453790754522694,-0.2731275097201204,-0.27311035583677384,-0.27311035583677384
6,0.0,0.4496057685998215,0.5035288425132998,0.6207666684684827,0.6768562617664345,0.734255380819196,0.7925458275541463,0.8530057544420349,0.8938489261644124,0.9114664811446892,0.9738856673337054,1.0585431742909073,1.1185812764995364,1.1068183104034766,1.1491828361719185,1.1732981257594277,1.2322777294308858,1.2562461324447909,1.293748209434522,1.3671948463224517,1.423728324262436,1.5059706549179657,1.5519249530360812,1.6121567892537891,1.5860125256479747,1.6145054118053308,1.6858506290693254,1.6616617182644486,1.677050953090107,1.6886024828113426,1.7876510476360594,1.8229056291985157,1.831390805035275,1.8612464499555872,1.8791716852871905,1.9124576113854754,1.921010740796559,1.952382218445279,1.9682008573169283,2.04630796997698,2.0675064520188253,2.0795255847804346,2.0968652878733556,2.1141957166562544,2.119587819657184,2.135228161899155,2.149267279045337,2.1663366545364213,2.1730491944017927,2.1797775424643753,2.1981109164002546,2.2241048707079942,2.238678348943301,2.2594379149142054,2.269683269045975,2.2916898204840197,2.3175021439707515,2.3178395778046554,2.3255339241045987,2.3353341433315333,2.344068313524149,2.3466885363221484,2.360905545851725,2.3634405778738437,2.3653483919801994,2.376755033148072,2.380594135690407,2.384648424409572,2.3894686016952824,2.39080820790955,2.396590596523682,2.3981384889089075,2.398626506558305,2.4013191068405777,2.4041435811328875,2.404636332386821,2.4072443817320637,2.407861568485863,2.407861568485863
7,0.0,0.41278126859982145,0.44822663073552194,0.4909135626471493,0.43976761134731923,0.41055932403309414,0.4046416765612533,0.4131644092860947,0.4157132012807491,0.4551857786116189,0.484961754307024,0.5347327866255199,0.5554371594322998,0.54890949518162,0.5803476903668314,0.619738295985864,0.6668519936993968,0.6724349715051052,0.7300498236569446,0.7916433167185813,0.8264860782957334,0.8884712011071314,0.9212713189038509,0.9723714453487213,0.9501934552346311,0.9701065514172713,1.0350330689658531,1.0196987388464605,1.021075270429156,1.0245517905019021,1.12115644137795,1.1470963047635256,1.1478976670889847,1.1665926335959005,1.1791216185401798,1.227107946106899,1.2283104796862492,1.2488386641238371,1.253673435407844,1.3250467234337746,1.3382983617651607,1.3460212411236547,1.3585854347254074,1.3719891682658962,1.37239229329912,1.3976932729101041,1.4065213785021329,1.421006992232526,1.425168589734024,1.429725721424613,1.4368802445285662,1.4597845349612264,1.4705870682327342,1.4855834003266484,1.4908258447501692,1.5071173558865714,1.5496442960590446,1.5460007852675965,1.5448842462108174,1.551241645227917,1.558872470409154,1.5604721432462803,1.5798635680745696,1.5816218260300197,1.5828268463919066,1.590898869682329,1.5924876786752469,1.5935387125935179,1.5965670481501244,1.5966466804535988,1.6021999600383439,1.6032567003632072,1.6033221950392456,1.6050516792342617,1.6076550558093905,1.6077485455886478,1.6102224038408202,1.6105486125725104,1.6105486125725104
8,0.0,-0.7148091599716077,-0.7605456010740024,-0.9115868097802797,-1.0370592301686332,-1.1721150143072914,-1.123515458095305,-1.1858996591794309,-1.179815484103828,-1.0173493397159283,-1.037931889050766,-0.9886085052017307,-0.9600006867192916,-0.8985575342447821,-0.8233918950018111,-0.754857463402403,-0.6835620807769476,-0.6377716297577107,-0.5873116833694604,-0.5144260331977303,-0.45023563216644813,-0.3117184683804284,-0.2692106326560436,-0.17473926271527965,-0.18681854589182925,-0.14608270949393057,-0.02840361607733665,0.018994293348655007,0.04297654940528898,0.05648762374891729,0.17818957129404867,0.22765717786029335,0.24665208462857902,0.2792411505651796,0.3138375619317154,0.4083131704898526,0.4082788966695519,0.44396961655128825,0.45766636402456223,0.5639884604455971,0.5772178912066638,0.6124095638196436,0.638433584506993,0.6610711492431784,0.6671619439142235,0.7215679261943738,0.7383657866404228,0.7519820166431995,0.760078788973823,0.7734873166118303,0.8023061337885857,0.847547631450434,0.8691108611317466,0.8978984317032692,0.8981540993087813,0.9347467901123739,1.0189653723452727,1.0113022820956286,1.018141411605461,1.0302945532317909,1.041965418107862,1.0463852905827646,1.0629884889600858,1.0663165507243078,1.0693169154835405,1.085590466654475,1.085125552395425,1.0883711211976548,1.0992913194454939,1.1001812075065107,1.1089787787417054,1.111132247143448,1.1115395091298488,1.1152286954970736,1.1198324695948427,1.1199965914841243,1.123750739358791,1.1245615626121064,1.1245615626121064
9,0.0,-0.0497415349716073,0.17113924360781632,0.32210334425105414,0.5187856774417365,0.6227687645819199,0.8564214562716613,0.9675761609074983,1.1211140669363326,1.5066149832408815,1.6175639323418576,1.8063132377526097,2.0054534386296057,2.1508620486265713,2.279103954130168,2.463459064216901,2.5598827017090144,2.617926507328329,2.8329159302951696,2.9477075863749733,3.040105777101638,3.2686085569751,3.3550998837322634,3.527574262782492,3.585809990407373,3.6430657323400224,3.832737854276765,3.956616099107323,3.9731772779360477,4.014085705104258,4.263800475602209,4.350254892894084,4.40784251202836,4.4940901935192334,4.5395823506607,4.693315440533465,4.7055024637258,4.785597537530741,4.784399892391883,4.975494914734959,5.005808213714038,5.053682855145247,5.100664646546728,5.142929424143063,5.165631044456876,5.248422243944814,5.283542310609024,5.319713198848146,5.336684936236669,5.352780926991098,5.416750766687613,5.4693411931598845,5.522745269415555,5.571587665263217,5.5709502148641965,5.638669773330015,5.790056260282242,5.785540003598624,5.7874167409568935,5.815259270627024,5.837376254891032,5.845535689147006,5.8762206355315065,5.881799704702168,5.888381569999468,5.921724320779089,5.930527135687043,5.931799626739565,5.9456163539541524,5.946122266911643,5.963320055926736,5.9671647776715435,5.966963873794083,5.974789429369318,5.98037527126547,5.980330783686415,5.988260263176677,5.989794260239509,5.989794260239509
10,0.0,-0.28763539211446465,-0.1863043201382157,-0.12046116827135886,-0.012817329747665468,0.23495897156636197,0.6023644598783037,0.8166280576065428,1.0323761282839201,1.5672197119178952,1.7358425957477703,2.0050203471352064,2.291477838775666,2.488484243789304,2.64250506102638,2.896328534627687,3.050755629544312,3.132960985511844,3.4597009298214125,3.6240523259182713,3.7905481060213777,4.0340109789779275,4.132103356296131,4.324566595056965,4.409250242383456,4.481092076550409,4.702216190060606,4.8658956386501755,4.903368101482812,4.951434847448079,5.274142686404847,5.361899659537767,5.4169232722280585,5.513749409509296,5.560551774620669,5.752592914944094,5.776262609656969,5.864305475223254,5.88389231259328,6.1580839118575925,6.188186886125072,6.235194448364751,6.288478698237055,6.326706070939195,6.347050037027138,6.448563792841315,6.496092100043196,6.517884829487431,6.53616047657259,6.551782280751671,6.620537683896651,6.666735891022573,6.70725071347697,6.760806706333442,6.772713764001907,6.8334830257457,7.015987696781254,7.015892483185036,7.022569651805324,7.043485388345012,7.074905482569378,7.081067777692417,7.128556285856412,7.132800681409432,7.1382582771099425,7.186889705262904,7.196878752650542,7.19640189349543,7.20935367377615,7.206129708107508,7.229621182138843,7.231931790520116,7.231925064074251,7.240228552666142,7.245652410525738,7.245498090251866,7.255934724017886,7.25744749106432,7.25744749106432
11,0.0,-2.537154000000002,-4.568023972444447,-6.337307130197014,-6.491708262547777,-6.742101366986966,-6.947893245885383,-6.880429134556183,-6.929506811660055,-6.583466425237967,-6.509966678193001,-6.372993740315957,-6.207381976949949,-6.131709198938739,-5.987467121912858,-5.827723166955986,-5.634316724605145,-5.61232201591872,-5.408847917814792,-5.254714438527706,-5.123744444514933,-4.844101699334786,-5.230289335422844,-4.968779388000708,-4.922299973233315,-4.821694105751363,-5.129792532240129,-4.889414623533123,-4.825753443056326,-4.779361343372521,-5.093051743193988,-4.951503939041378,-4.912921042258291,-4.765129413839371,-4.70401641947901,-4.966630506398619,-4.933942933913957,-4.786272362742966,-4.690751711542529,-5.22919999317058,-5.154801773719487,-5.076169226885342,-4.969827038040279,-4.899670152887746,-4.871941560242468,-4.732232967521062,-4.660090369310472,-4.8396604605421745,-4.8006213221843845,-4.771537963576398,-4.613012150847546,-4.996206530171948,-4.905850412308723,-4.771336449619787,-4.70920365004438,-4.5584632822886295,-4.871267806795991,-4.851902376519526,-4.789668993118169,-4.730208452912895,-4.681263981355267,-4.660089099285619,-4.726074147442902,-4.710370643057517,-4.693799530136852,-4.613275738197137,-4.744112685232736,-4.714872596746908,-4.685698111083176,-4.679745132436201,-4.6387764432930565,-4.669269412628692,-4.666268817741538,-4.643489311198141,-4.689687879844633,-4.686246549222074,-4.669624289813469,-4.664157454012944,-4.664157454012944
12,0.0,-1.433265000000001,-2.861118535555557,-4.19418247513778,-5.689204829701345,-5.966971312698661,-6.163839239841703,-6.327713633590309,-6.430702704666217,-6.006306436266878,-5.954809858758697,-5.888593778533813,-5.699913546360938,-5.609309052045442,-5.866570360515063,-5.635232155151112,-6.013267779720823,-5.975593754992478,-5.653422665949864,-6.06694564997567,-5.767500832350771,-6.066600802076544,-5.952709066379164,-6.259888423201638,-6.135037088844043,-5.948588421485322,-6.197715190595582,-5.862363172662403,-6.201740670494522,-6.1019780773782815,-6.252887208647587,-5.963320948414192,-6.251012411798849,-5.976000768882985,-6.12693860463914,-6.31968623681856,-6.248005994869401,-5.967601814416599,-6.333485095813196,-5.823063903225686,-6.195216024360586,-6.365677904634922,-6.175881050410974,-6.309488970088965,-6.229955251406853,-6.344371468625308,-6.199109792510369,-6.354000558975762,-6.2797522482622705,-6.339669481439364,-6.046408992728213,-6.318292514514145,-6.499945107099463,-6.2514115319065295,-6.476563469335626,-6.186541805802113,-6.42901882982422,-6.379579846627777,-6.202438861354147,-6.315912086633686,-6.37147722945184,-6.330474834216647,-6.369205691794513,-6.396340912171677,-6.364275906300812,-6.4539381319847395,-6.403213720196379,-6.344663632799138,-6.405919375591088,-6.38106110815059,-6.435011790272967,-6.413684680460134,-6.40500805720991,-6.361466760375306,-6.391858563340933,-6.383468187034877,-6.402389409397029,-6.391785838238825,-6.391785838238825
13,0.0,-0.04920900000000003,-0.4932347880000003,-1.2130668224160008,-3.056574276155474,-5.315572888406105,-6.9961627862176785,-7.256771202155266,-7.503444500827569,-7.122749177980375,-7.9525727125052,-8.927973042915399,-8.754262390118974,-8.668573659221192,-8.951404881725772,-8.64519759876794,-9.146761099477729,-9.086504603806619,-9.883188355991553,-9.464507192358674,-9.062671659207988,-9.802092785567917,-9.691184285997538,-10.006125929797433,-9.850482757722174,-10.132229314830065,-9.628913651171855,-10.502664029247049,-10.273296698743595,-10.125799211545166,-10.206337795502243,-10.408063830162915,-10.286550172065335,-10.551878253178598,-10.355326295732224,-10.549835176485374,-10.428781928124923,-10.669461862657116,-10.374268201125577,-10.655871898573714,-10.896725762006087,-10.675166751558152,-10.82485311281341,-10.623829411957225,-10.7512095126087,-10.844049725725885,-10.978154996505712,-10.885916798999439,-10.949320162452194,-10.857562313183553,-11.086634377091233,-10.727974559982123,-10.867515731409231,-11.085648732777548,-10.859373616110414,-11.112782446408664,-11.288178617515003,-11.200078209987296,-10.932821649234631,-11.045630663847485,-11.093426252778116,-11.122629478680533,-11.153086785258303,-11.178492124259838,-11.205077811924982,-11.277438281178929,-11.191933106292252,-11.275236102325984,-11.179558721343062,-11.21041105445505,-11.256829113830033,-11.276264819094436,-11.263184086665175,-11.295261930635974,-11.2531631781663,-11.26337190910578,-11.27901821291268,-11.286619954512178,-11.286619954512178
14,0.0,-1.848995514625288,-1.9637156087194576,-1.5494037307098174,-0.961419033974631,-0.0667717479296955,0.5815850826661623,1.2942841347777567,1.7331537030863255,3.3982946726692025,3.744466473299038,4.446341134209238,3.7693512306935197,4.2552181376512195,4.80847326807839,4.276409715943103,4.917084715725809,4.555091214538309,5.529179808127525,5.072953835034934,4.616867951519131,5.643421184607112,5.320135555785585,4.8875621691110975,5.269539014874754,5.078983078769731,4.948946163424803,5.8272165437363155,5.4515888138450315,5.256517820826421,5.341629559962939,5.2475251747489695,5.499830386081646,5.31463481045656,5.203275672486451,5.763397585469527,5.546601382832174,5.357739882215096,5.849306631713291,5.321012070617277,5.7542358228826345,5.659958727858004,5.550275483452672,5.450042142470816,5.655376104384855,5.6190288926297605,5.514398121192956,5.668851105833115,5.615232333713198,5.573671669234729,5.381333537801755,5.867612753524862,5.72940027239515,5.56811140293933,5.921134906635717,5.701347254746068,5.604405700513171,5.7670247678441555,5.564783257915506,5.8016959388356,5.758933290288872,5.733335292880851,5.705111762445275,5.769209520897533,5.745766828296918,5.677625112640751,5.8042914067504965,5.739885905792132,5.696255508625777,5.753975335329709,5.72509307127853,5.767622253907942,5.76015521816197,5.734666683638529,5.793780978836808,5.783419453740324,5.771201903398209,5.764555358349067,5.764555358349067
15,0.0,-0.6235331812919543,0.07259055867448273,1.1635156173013355,1.9044852303738187,2.745663083018121,3.3328515209021763,3.8911865741415363,4.258007350860553,3.584360215957533,3.9682452637692585,4.521273085127442,4.059810103471416,4.578180664172647,4.450503450815868,5.3942463262680596,4.96366810257595,4.617292493668822,5.7901777572438835,5.216955357983102,4.777033419641165,4.98834548568489,4.793950142193562,4.653069864198807,5.1464130988817125,4.881664632928537,4.808335907058457,5.883328858230114,5.524731316866337,5.288103032956988,4.96503980615385,4.90754003220935,5.24573494639282,5.12626039765419,5.045014939550511,4.9246367182878075,5.274620725134198,5.151808767071812,5.106255074048581,5.015893408810491,5.50081041554993,5.325104514176675,5.259623942919077,5.18421282196416,5.0923452400728815,5.08323701597371,5.013669989900999,5.209879039540925,5.168693026430509,5.136562097795735,5.157417424791613,4.986997341712479,5.411041424765836,5.302448606424537,5.138951860168214,5.019285512941265,5.756257137305233,5.614324642128208,5.345556854946546,5.262497563692461,5.244950105396591,5.229368421680522,5.214035142267614,5.194204270816836,5.178254038771657,5.188578284344077,5.1241708182594605,5.303427284691707,5.271805305918622,5.247323371109463,5.227644866879386,5.215598486380836,5.209627196624614,5.194577652975201,5.176343645340951,5.201574553218433,5.194619036833205,5.191027519095074,5.191027519095074
16,0.0,-2.112133000000002,-1.6869685485518937,-1.250625566604344,-0.7674928257438801,-0.37536586027345603,-0.008057063025656248,-0.6325990610902263,-0.23364157364292293,-0.3973880854474734,0.04251639102326248,-0.6863917635910618,0.20290740422986733,-0.2590102914165823,-0.18331902946147557,-0.14225650599982673,-0.401265672229227,0.055814136914352615,-0.6050679945661922,0.5213724404509789,0.038199487140197844,-0.4361351125161934,-0.000563253184806797,-0.13921418684780776,-0.3514424936818302,0.4184197674917467,0.04810366494155653,-0.519971736948254,0.01552832048194614,-0.1282621064960998,0.27922380393878277,-0.025179175719571505,-0.17544662895927574,-0.1385790757863702,-0.13265475962420992,-0.08991291417173654,-0.16447617305725426,-0.1500013347103843,-0.24774196508727944,-0.12182923778770013,-0.21857559107615884,-0.18765565963869943,-0.12021825238588044,-0.08699633389274275,-0.10476744840292912,0.05487257180322792,-0.12657384622221937,-0.19119510333487677,-0.18327544593001152,-0.16535662433668252,-0.18244899184322846,-0.18652485235169788,-0.21322417090841378,-0.19715622398354693,-0.23252134982218517,-0.1962115047004948,-0.07901555090046415,-0.10160401872944794,-0.13160169914005113,-0.13538189709283452,-0.12198616303957655,-0.10622947541927526,-0.09084226534668403,-0.08599536821098364,-0.08345097752955494,-0.11077589391533602,-0.12052795514530525,-0.14429272057039924,-0.12443271264524523,-0.13016636846364726,-0.12250980494824024,-0.11791382054757896,-0.11608009799687263,-0.10186818620517375,-0.09500852298854957,-0.1014993126957622,-0.09687163373011336,-0.09209854968657083,-0.09209854968657083
17,0.0,1.2084776666933952,1.9076140011757607,2.6713809575984184,3.5130167595141555,4.424984014427502,5.347399252847168,4.5043649901214255,5.643839273835634,4.412394391535742,5.421258563413743,4.70396799739471,6.128771189540608,5.489471051004731,5.202036186528591,4.7197567622332794,6.0046583906483555,5.501328791144316,4.937427045064204,4.938940828584751,5.19752604966479,4.80456730347954,5.474842183219114,5.056958657575523,5.22908389687553,4.961215030509348,5.512485859703943,5.022288423713948,4.810742303405513,5.4766474489137575,5.171045645130496,4.919930452775682,4.907040806966073,5.010137909027141,5.053113015497837,5.2723439698976255,5.081944099856897,5.123480511107999,5.347737352739827,4.8670196969720765,5.03803259596192,5.115634012780847,5.307658078935866,5.145652956569632,5.152600255419915,5.000666680903866,5.105304972855465,5.099532604288509,5.122992612184454,5.189970492095764,4.861340681666321,4.943304535660289,5.097916109616726,5.140177830089515,5.145191023169415,5.2049545688155465,4.96778443443986,4.969758722327688,4.9195085758700365,4.956735164892142,4.978350196573491,5.02582353875534,5.054113102804677,5.083027633835923,5.096437288844544,5.144243489795023,5.160281495717593,5.074713664136458,5.14407963375337,5.145076440895772,5.146570123697716,5.12260907302741,5.132241717128985,5.177062563882403,5.141356931746311,5.141611554362142,5.14861256714923,5.136839340296366,5.136839340296366
18,0.0,2.011813416693395,3.1363937663296073,4.338835971449076,6.075472807215209,8.001770842026266,9.733986457059475,11.647022965292642,11.072202110425902,11.17348604334546,10.70660972952495,12.58250398681758,11.524585985778016,11.137298932604166,11.38312366574013,10.920480422695864,10.735980880628782,11.586299827769295,11.119667995073764,11.127365104393965,11.246044194402016,10.93267593556261,10.79662828320529,12.23762297827517,11.719870134277802,11.46387197068877,11.16546484659796,10.787066345731153,11.618924165129158,11.398268842102814,11.14329863931026,10.901655693529523,10.941178815632108,11.118955472325004,11.194226807615685,10.948060182927506,11.086290751313797,11.2767065305794,10.990060910784335,11.323605890705556,11.061792513660887,11.142934291632027,10.956585447094195,11.127708552414727,11.167369239710716,11.039377399414594,11.070393741307043,11.126424551049023,11.171992315317645,11.10447339172877,11.493411613788458,11.221302436356236,11.052449945265439,11.210323673232594,10.979647784183525,11.183632596900434,10.991537820259747,11.021995392332128,11.081930275804384,11.128448797555782,11.180188404584005,11.136753171389689,11.177289277752047,11.144527550236806,11.109460805248434,11.181441532939635,11.091490678886796,11.164563783023477,11.097927900325336,11.108983841239452,11.134384296563486,11.157438334030964,11.146282066331853,11.101160614834201,11.134971524981042,11.138398533003638,11.156275495642967,11.145645748718753,11.145645748718753
19,0.0,-1.7869558145687654,-0.8887375222860918,0.2546107026448364,-0.4343239273996271,1.3782543140341934,0.26864684538513234,0.13023137365471493,0.11516147807401901,1.0978239135406582,0.4430814909901319,0.0805635072747209,0.17320252149670723,0.8430479754966828,0.7047032659996529,0.45988436204898986,0.244661875286366,0.3395580260918826,0.3574248596953187,0.19228806474628715,0.6247939281816549,0.5888476016908685,0.4863702684862035,0.3340406292133724,0.21136237773504532,0.48356724193281103,0.40338106608703367,0.4221791008254021,0.23367291933562406,0.30759230053491393,0.26115187423959446,0.9616982569262845,0.8504861474876145,0.7196735949545238,0.6498965465534483,0.5311514098308596,0.480294248456827,0.3396668876794891,0.189690834314108,0.7165974238078636,0.5766678129304126,0.4945827413271645,0.4100132064778495,0.3590888801519828,0.2944055393750729,0.26235830199476207,0.4535519388268474,0.4106225282140378,0.3686651818801759,0.33832111394906805,0.19017571172958594,0.46573000119251207,0.37947332877202694,0.2426616117629398,0.47271036730461,0.32152649082828316,0.32205218493028603,0.25872735692779897,0.4470859941435452,0.3602057426524107,0.32697414272863073,0.3123562592557293,0.2850396664515142,0.2710181341987464,0.3164980319919935,0.25215643065420257,0.3466452759070421,0.312129231197915,0.2834010304860522,0.26632456603095767,0.3344676774249121,0.32656074831381854,0.3217256915337587,0.301472394106729,0.2919246277180596,0.2855887124698509,0.27390029586742204,0.29491419012422415,0.29491419012422415
20,0.0,-2.5143120000000017,-1.716982774986792,-2.3004192655795097,-0.9890112375031961,-2.0676376902698412,-1.9415199686176188,-1.6372343625384738,-1.7582077285619049,-2.2005362255493135,-1.9350355222580606,-1.475054994769283,-1.7568421922960806,-1.7725800649795056,-1.8015591295455828,-1.8669282623925627,-1.9240599739663988,-1.913075237500713,-1.7849423246786469,-1.814289329561644,-1.7991682253857366,-1.6726505028338434,-1.6167236626461694,-1.6424214796890713,-1.4940950815736176,-1.538321270731379,-1.4478960269321168,-1.3632122983272255,-1.4113668539740631,-1.386305744859667,-1.355869914772827,-1.2985672181300576,-1.3493965180676009,-1.3160423435184783,-1.3489065668622617,-1.3809506739785937,-1.3322895035989766,-1.39591915348953,-1.3951891697845167,-1.5040704946804686,-1.527294243432688,-1.5481409295801858,-1.5504130620240757,-1.5245489718594174,-1.5457531216610274,-1.533265471120166,-1.5319626711911503,-1.5066652068080477,-1.5152267473300882,-1.5175312136859345,-1.5680121744878428,-1.5361509905252428,-1.540353019498533,-1.5910366054973972,-1.6541208127813887,-1.6986368563532572,-1.5621790024883009,-1.5733183350482314,-1.6272292863758548,-1.6772120697812758,-1.6835773914018823,-1.6869924618451548,-1.689370009456564,-1.6907679344348543,-1.6993342215406408,-1.7105512395205946,-1.7054398180604184,-1.7038407115562177,-1.7071153307067939,-1.7123656210783098,-1.7253145835018338,-1.7271011435456194,-1.7272753259796072,-1.7284011193365834,-1.7187415508992085,-1.7205529666354666,-1.7224296236892087,-1.7197769102909608,-1.7197769102909608
21,0.0,0.9181470235115764,2.1414455658783798,4.399878837928123,6.763221415079969,5.618080470857838,6.279289171231123,6.068828769013337,6.224785562070075,6.081795648797684,6.084518513366363,6.266928470997402,6.210252187266458,6.3764002779432065,6.51253042382324,6.717188288899351,6.897676831363631,6.6028098315115225,7.262343841928533,6.934055619463262,6.69021464313661,7.228244305187807,6.962226421833835,7.131329466021178,6.89846797459486,7.01984417597917,6.8019217556622085,7.400619447345157,7.1330674361528255,6.98184923314875,7.279887501629132,7.08174795623792,7.177132352813018,6.969698857527326,7.035369873569946,7.162218962541884,6.998747369675124,7.116534361079444,7.291250620072331,6.949110762815499,7.070665754231781,7.14106287811698,7.229146247608904,7.109468942169209,7.16475340086884,7.31018962676095,7.198856171481246,7.099174469864794,7.126209051606043,7.15465197045658,7.327281313682824,7.106357938777813,7.186981652488353,7.299715226176649,7.119865059182254,7.252501105161552,7.018470355671768,7.063829880172078,7.119016543597555,7.115538750506871,7.14558863825025,7.166610661930127,7.1887382931442865,7.205406900401051,7.214870277601945,7.276244071773423,7.228508181248298,7.2638871239795595,7.21227225902789,7.227414533159897,7.239753913554926,7.24986609985036,7.255165168121694,7.274053612788314,7.255466988746485,7.260985470531187,7.268643948724324,7.263902782689352,7.263902782689352
22,0.0,-3.8649510000000027,-4.498228184836056,-3.929378689357225,-3.598523736669073,-2.253616009635199,-3.122446545526392,-2.693839451774417,-2.977005338782231,-2.005569031915764,-2.3393096507571203,-2.6870790116391357,-2.0467174264589834,-2.236729574754153,-2.3398301755954134,-1.668822009506206,-1.8130079815977314,-1.8423986855813719,-2.1152414536082613,-1.6249101625770652,-1.598429570750265,-1.5660262800157636,-1.5834349407809372,-1.7532828396297724,-1.7447857749696087,-1.8239014617298013,-1.8054177807754233,-1.8010826582355959,-1.3904162771383322,-1.3923523173676533,-1.3934500130874197,-1.4087619539440501,-1.4465467768717901,-1.4695831204303598,-1.519606484425923,-1.5182221933558542,-1.4890742509605732,-1.4786616071048113,-1.6125947029391339,-1.1569131651942575,-1.148026561817589,-1.2314636066188096,-1.3268946452197097,-1.2935928357192992,-1.3056281549792348,-1.3066070496984143,-1.3154140853163618,-1.3240343827354917,-1.3544628852233067,-1.3790859650548242,-1.385142879387954,-1.4172591324827961,-1.4089279646513984,-1.491417883464671,-1.2564619372858479,-1.2944384809016463,-1.2974023512251076,-1.347108215044171,-1.4369544447564075,-1.3083987922693159,-1.3291931265592447,-1.32654185621751,-1.3520788291047443,-1.3493017192408068,-1.3525787267390559,-1.3909079261026813,-1.3593702869193076,-1.3927415282442057,-1.3105544091613206,-1.3240236510140506,-1.323682763458836,-1.3323829841512544,-1.3371102797385317,-1.3531527534824925,-1.3416125084255082,-1.342250241261281,-1.3521486100385836,-1.346950592489151,-1.346950592489151
23,0.0,-1.654494000000001,-3.033183074666668,-4.291956031816442,-5.224971307661693,-5.3993322383341,-4.5998436760951575,-5.218478130660526,-5.241042777118465,-5.475867004503302,-4.84044580849598,-4.814490363755925,-5.001327666089557,-4.946201425278764,-4.848535673557958,-5.00648529405162,-4.865170551184056,-4.79382481551052,-4.608748124411273,-4.798631321802596,-4.559256368243677,-4.845858915879783,-4.816746760748356,-4.736610013273854,-4.893761418550103,-4.805448841151524,-4.608321852860583,-4.89538455259548,-4.899247074011696,-4.777287329100424,-4.885883733380561,-4.75307899789653,-4.84325557635045,-4.689632974782705,-4.761476068531165,-4.842591271610781,-4.755657690630087,-4.893002783314397,-4.823833786345049,-4.780788713935798,-4.879830893140094,-4.858904566191689,-4.814855386257628,-4.733851309345947,-4.790425399308221,-4.838563310384573,-4.758269834169908,-4.825901998930547,-4.7996533660134935,-4.777071636293604,-4.872201508931858,-4.761679570603921,-4.803871327802438,-4.692533130962582,-4.7964919419253045,-4.937161502806098,-4.89099837695909,-4.852529628939524,-4.773698989352115,-4.822391606841792,-4.79546195483252,-4.807615852684186,-4.7923106255237276,-4.801748502900403,-4.817076454361398,-4.773089794095859,-4.8143517121067285,-4.791224916788648,-4.811994968803068,-4.799856790937657,-4.818898602762189,-4.810294391776001,-4.80700283151121,-4.791476623936968,-4.801625526316239,-4.806570952016474,-4.800128725123901,-4.802899049681605,-4.802899049681605
24,0.0,-2.0436540000000014,-3.511344194666669,-4.665522195656443,-6.03179993406964,-6.197554754386116,-6.126034866023533,-6.096246760793834,-5.903382068895774,-5.696010366131278,-5.643132248935584,-5.340223120722651,-5.7208930452318025,-5.482325480619665,-5.588551204792686,-5.508270328871827,-5.680742193118888,-5.4571480698787065,-5.729283904390783,-5.539318327988559,-5.5384458422069445,-5.604756052988667,-5.467716355793154,-5.590005146849035,-5.204571446050635,-5.279751761539109,-5.364973441334706,-5.448893829102697,-5.460023024110043,-5.462710363527854,-5.419236700621802,-5.486336786790074,-5.470700758485729,-5.531170507019068,-5.425419810152377,-5.385203195360771,-5.425821753758808,-5.485159114135104,-5.505039085897751,-5.494287795438831,-5.523107162435225,-5.435153134383353,-5.493785962123368,-5.490060417775937,-5.509739429767703,-5.479373077750956,-5.533967437995775,-5.426771455724974,-5.445355837100555,-5.445493142554143,-5.395388384523362,-5.450287020004758,-5.412413772605119,-5.423750905907352,-5.476316028037846,-5.529555051568602,-5.374521446322278,-5.4016730754920985,-5.454605724997673,-5.4506101592449205,-5.456988174912827,-5.449260396455601,-5.454225401291503,-5.450550855769447,-5.455578400171836,-5.464197816386568,-5.478186870219111,-5.486489089905355,-5.474743723547741,-5.473633056771037,-5.470535559915976,-5.473885300015479,-5.474374019721569,-5.483252494061154,-5.4765338188300525,-5.4787046695711075,-5.484586120621576,-5.482913930091475,-5.482913930091475
25,0.0,-1.1344860000000008,-2.690202285333335,-5.002459538971629,-6.012197132320283,-7.079106776920537,-6.725463802536099,-6.232556263433116,-6.225238893916289,-6.343936314041676,-6.375197807033744,-6.39404031469746,-5.926326031899576,-5.996430761413111,-5.9261156474612156,-5.944290226696085,-5.824216811185964,-5.794137637980147,-5.6010640046409055,-5.685873830343962,-5.88773070312091,-5.618853840339878,-5.70969106353995,-5.615647214532439,-5.830281742167155,-5.7428601454267785,-5.671818396375347,-5.376405390415072,-5.390547095039007,-5.5205094354425,-5.570786287411726,-5.482531661688027,-5.603950137900376,-5.5316010692356015,-5.508290768232364,-5.652661258388639,-5.593594949316691,-5.453081198438549,-5.477398878548988,-5.557866689862096,-5.445731514081626,-5.455620828440038,-5.404461122047755,-5.46086951274252,-5.397347056062203,-5.489210530610665,-5.455569833182116,-5.433007723594646,-5.408721912633602,-5.4160835600955295,-5.46321771793399,-5.37164844941353,-5.401421731122211,-5.541739518208387,-5.436996485739919,-5.2852794084068355,-5.438713240199737,-5.3995674519445975,-5.326794704160054,-5.3522385596365165,-5.356975727978997,-5.362477441617198,-5.370887472338405,-5.376079522333977,-5.360186241240873,-5.374475476480812,-5.331458622758091,-5.338567773509896,-5.348542125526846,-5.355551332774974,-5.364500236603385,-5.359828999730467,-5.360965275736842,-5.3463450773600565,-5.366995719617154,-5.361649314339774,-5.355288209434039,-5.356814348561156,-5.356814348561156
26,0.0,-0.012126000000000008,-0.05203343200000003,-0.34762715862400023,-0.9370411044582087,-3.1740695694748045,-5.2189571996115705,-5.93619859268456,-6.564294675494275,-7.556713052146187,-7.397604222137865,-8.102590411496102,-8.624120701055274,-8.38288186171232,-8.604903404650512,-8.823941444381077,-9.099336082211577,-9.318442687350442,-9.704359539143086,-9.79362908924043,-9.769828554515286,-9.966139649764964,-10.034152465824647,-10.109251505185632,-10.074632734085933,-10.491457505999534,-10.59192785946552,-10.758433114010527,-10.562915919296865,-10.87521875264996,-10.716507634646469,-11.116509876625239,-11.190470788538843,-11.27881009536728,-11.201415175635443,-11.159001462162182,-11.410571682124232,-11.26508744775408,-11.652677328369329,-11.5863529949529,-11.644648270230379,-11.799456632908692,-11.819964874911149,-11.789355471364145,-11.726132591734695,-11.9225881253494,-11.835340496139962,-11.96411760965678,-11.915897461816533,-11.872570655983361,-12.232129932038044,-12.241378463885582,-12.142442295377181,-12.068167827234412,-12.28182245870171,-12.286099536968829,-12.220657866410864,-12.319587889648353,-12.17303500964173,-12.334313541202336,-12.380846525889188,-12.351226775383367,-12.417942434796494,-12.394593834190406,-12.421393301605583,-12.344994799575208,-12.439775547672113,-12.507863202676791,-12.46453547302783,-12.497530521986702,-12.459527614284637,-12.482451000481309,-12.492316275194003,-12.462797396051714,-12.499344388712043,-12.508436517699954,-12.494035968401928,-12.505579941191433,-12.505579941191433
27,0.0,-2.0580636828986822,-0.012742024705992663,-0.58113069145156,0.9746556319667327,0.23129387618902184,2.047573388189125,1.403155165395989,2.2777295920440794,2.731546008878236,2.826845224990199,3.041898613404769,3.3620259384511497,3.4947867578738108,3.576056404145455,4.142863111684283,3.6799432512601817,3.905869153450359,4.323504069717134,4.115346229700823,4.644376889307718,4.1600001910377635,4.506708878958012,4.191512355461717,4.604358990588624,4.742994022954404,4.459641094629275,5.072124418850576,4.90301372486635,5.123412616802292,4.9579085564611205,5.30479655454593,5.095679353835742,5.414101809972231,5.3363320345666905,5.141279801478995,5.365985522857129,5.13588722552547,5.5240239438811445,5.181088716975143,5.4688001611112,5.42117959615168,5.599073204921863,5.491903451814878,5.413231868606818,5.575769876991778,5.476189188612883,5.633104663246322,5.594165019570187,5.5532579342812705,5.9446805470037285,5.752082277944903,5.652973056429742,5.910230153299136,5.808107086030689,5.533158633251323,5.8270345477124055,5.803663374586226,5.676093171225744,5.831939017374006,5.8445153043486835,5.8237361681396145,5.892648850754905,5.877217597958884,5.87369889862821,5.820085174543693,5.930320240622091,5.896716365099352,5.851530381627371,5.893609560753884,5.87030563907399,5.8971383233835875,5.894483926013695,5.868494688766738,5.901678315090049,5.900116044350716,5.888848562334164,5.903039399855191,5.903039399855191
28,0.0,-4.373820000000003,-5.547417040000004,-3.879543231174553,-5.070425950409468,-2.9703455910237984,-4.1728105663188,-3.914924398041792,-3.8273937481818594,-3.372735957890903,-3.8787308888359564,-3.481393238430371,-3.1438722363478893,-3.507647579140007,-3.347822943117045,-3.7013210744395804,-3.465753814106922,-3.113057636223698,-3.8331012907370057,-3.148410337776966,-3.3622697534291834,-2.615781554974269,-2.8854898313402275,-3.2061554875752707,-3.5166416410090964,-3.3076909280814992,-2.7992352143273087,-3.2251901377948013,-3.3000107575262905,-3.0186566559804437,-3.1506022478569693,-3.3180005372038908,-3.0358699995422858,-3.209658514186221,-3.2429500387110357,-2.8572508915834463,-2.9500568251480592,-3.128752021431583,-3.3009643532899466,-2.7803005371689578,-2.9058353782828252,-2.8924261909899736,-3.0505838830447316,-3.1386579273414847,-3.200460160775649,-2.9861680793639507,-3.060122781653011,-3.096870822568869,-3.1156129660494263,-3.138933921886163,-3.288452512838394,-2.8875871899262098,-2.935441369423304,-3.087125601615102,-3.1567496490233595,-2.746664331453225,-2.9245206617476605,-2.9132467275697795,-2.9687334187849865,-3.0165477629610136,-2.9817706905375143,-2.9871320966864534,-3.0138997128985476,-3.0168978804431688,-3.008613516855119,-3.0238069612210685,-3.0515155675803616,-3.0589803368901274,-3.092455411945044,-3.1015868290092423,-3.1056135043935558,-3.108273272090063,-3.1075374642136886,-3.1222623082074272,-3.07628046583825,-3.0744600365268124,-3.078482804476847,-3.0796815383667866,-3.0796815383667866
29,0.0,-3.4698690000000023,-1.776528272668666,-2.5326091134416613,-0.6738672341082377,-1.8523469086848863,-0.8852041983092672,-1.5422484822772458,-1.1694632486267176,-0.10246441179705834,-0.8782754947368765,-0.10912995670466842,-0.7741255852675136,-1.0257089674673527,-0.7215272528461951,-0.920895521072599,-0.5381098217744517,-0.7568257060662327,0.3335649291342443,-0.25232988104186166,-0.25595819313654244,-0.5586697446043467,-0.7061583162295534,0.05359962110100673,-0.12118905091913615,-0.2872918838624073,-0.39497661612794455,-0.5465377453000035,-0.47131396535468023,-0.532857394526761,-0.5567826990573231,-0.5905406437909023,-0.19241597066422372,-0.2766917900589886,-0.25648509628317123,-0.33513843582550323,-0.35226439090446526,-0.39475715238308484,-0.4409847619478201,-0.53519065803232,-0.5314822644615682,-0.46837413187332533,-0.5496507755997329,-0.2339260917074123,-0.2425101253335514,-0.2648196777513759,-0.2679604243296787,-0.2472572511760937,-0.23499524521195586,-0.21618690737371776,-0.23907541771778423,-0.24485743080278047,-0.22459839002005944,-0.24812684407146515,-0.2104532952020238,-0.28672755584711757,-0.3793712653138272,-0.31335808560782924,-0.300086104970904,-0.2984525735671398,-0.22727607228000374,-0.21365279023530598,-0.21792405297965614,-0.20721314750403388,-0.18710712382908756,-0.1522589654586306,-0.13646173356180138,-0.13057379637636374,-0.13845081067436263,-0.12511874154237285,-0.10685775736402052,-0.09775803655458717,-0.09365146613597021,-0.08874340967757574,-0.08707436209922567,-0.08229786111374982,-0.0801473978590548,-0.07668546715561243,-0.07668546715561243
30,0.0,-1.776741000000001,-3.4987906120000023,-5.028940850384003,-6.05828296318413,-3.4118481983188857,-5.070088824436565,-4.494412112426822,-4.884859567367616,-5.761135439768538,-5.299862343989881,-5.9418300712124035,-4.978208339827461,-5.217997720211165,-5.418699277408213,-5.559452684292736,-5.017077623170772,-5.202665838952601,-5.470753744425537,-5.349148160275568,-5.2345380143178355,-5.4526961425425515,-5.575020919298669,-5.698487137590743,-5.795640250145487,-5.383847472578794,-5.376141606660444,-5.277221459588249,-5.125766757865077,-5.444275716230543,-5.358388641086732,-5.380704701158464,-5.396926376754565,-5.381272576384632,-5.324755084370708,-5.330163567508448,-5.279607088734451,-5.261807773402825,-5.276591606503586,-5.151177192494967,-5.523006852498818,-5.421867959011387,-5.450195981485971,-5.4232245268363215,-5.384200245930011,-5.338009136659485,-5.291672341924185,-5.455635730534204,-5.426245672436782,-5.387655582035194,-5.291012723877687,-5.66528191620692,-5.590595436714565,-5.5109603336919974,-5.4220658293158595,-5.385493037089867,-5.376191126599104,-5.536749464133254,-5.428644056213962,-5.37674355401319,-5.451226202437257,-5.41804523891955,-5.4063021584680975,-5.380679707961724,-5.427427661511832,-5.342144214431214,-5.465791914972619,-5.421494083183972,-5.399023861475411,-5.446342967887987,-5.401800267339811,-5.433065492429508,-5.425574745507397,-5.407945051487072,-5.455125622593018,-5.447031328283556,-5.436014604443728,-5.42733942558132,-5.42733942558132
31,0.0,-2.721864000000002,-3.9274227702222246,-1.3245465111356012,-3.2152411507113476,-3.597547130797791,-1.7121391548742675,-2.858883059381757,-2.876391321709578,-3.4008546600541782,-2.512327357023524,-2.7050389962287724,-2.9518976741338228,-2.8740030264805516,-2.8951808366334033,-2.6922360364712428,-2.7511680706492947,-2.6946215242259552,-2.593091794267764,-2.2894235403234746,-2.8210670692554465,-2.7913236412851297,-2.735266063906015,-2.6114362806147735,-2.465452571449724,-2.397501122814338,-2.834469081515349,-2.414905133831399,-2.818419055896086,-2.7186328523449936,-2.4712955551677562,-2.3720170673874637,-2.6307870141775025,-2.409208170567906,-2.5854580064380657,-2.444714803068101,-2.6876203842942696,-2.5490962232780876,-2.4358160566820923,-2.9625469421381188,-2.7095997984773774,-2.48510968707958,-2.395343100177005,-2.566029944672684,-2.4653320263923955,-2.631176973391977,-2.5036004956090894,-2.374802884846034,-2.4787950392895115,-2.5629763965207517,-2.2935548763721334,-2.5958951903748333,-2.416683678436627,-2.729404298011554,-2.552322025460136,-2.3560375721343916,-2.72499641192635,-2.5734172643377735,-2.302812665947519,-2.4461165416404116,-2.498845247843011,-2.542278975354248,-2.494367900823797,-2.527558104688758,-2.4782340461422576,-2.5876670496570346,-2.4851697276897924,-2.567068610471385,-2.5112209415991,-2.476908937074336,-2.524319534802107,-2.494392485675893,-2.5065307298557737,-2.565571728951373,-2.537404505939011,-2.520880821635092,-2.4927435734117354,-2.502327995234039,-2.502327995234039
32,0.0,4.1208692028156095,4.850334915183766,4.380285647333776,7.515597587911729,5.788752195351319,6.291866347232283,6.045207925086098,6.260000568457223,6.171670385668111,6.260688721626913,6.274847434957322,6.3284631169058505,6.585444387832948,6.692039358579456,6.103981573375547,6.255251922852858,6.503772139953821,6.852336227058738,6.38291217937813,7.075101036225214,6.2935851953932085,6.416836718522031,6.68872450721072,7.007972160377528,6.716173348880968,6.295483830500793,7.046989273847888,6.656025641701516,6.820012168725526,6.516913281614265,6.77847494133215,6.518455154367718,6.928493034928472,6.746012964339241,6.423409479209248,6.663212789235761,6.881431287740162,6.505042359684604,7.144100726268116,6.811731303425643,6.618851435237254,6.77361959972711,6.601100240132678,6.7826577263801076,6.618573422841711,6.847905395077327,6.701697306915848,6.833721755973341,6.7475332979705245,7.138657056367878,6.812071655979417,6.633260669551314,7.066271463803648,6.785611382290923,6.427892186062759,6.693362721269495,6.926772418392918,6.663227450617545,6.818692794814599,6.791339278047814,6.754144145766348,6.838138104691196,6.80769988280969,6.775802857153934,6.677518727030439,6.84042256278418,6.758610533969271,6.858500127974912,6.815863604139439,6.7776881437056,6.753706174740496,6.776902016662104,6.855399359189306,6.820507104851332,6.810952050055283,6.788445975969602,6.780731164597917,6.780731164597917
33,0.0,4.5582394528156085,5.233347988183765,6.038225930936876,5.559543221499238,7.1420680763117765,6.045095644303284,7.3409901214118305,6.746178851662584,6.876548258234606,6.942618723545616,7.23855697342565,6.313911916247147,6.719449075656418,6.982436271916321,7.421354951490208,6.864101088794112,7.164621248417563,6.37341289923423,7.1231845842124475,6.732926305654326,7.036737574334962,7.250987192752146,6.809729853595399,7.358465616045799,7.089574448524536,7.596218163146474,7.057320473659884,7.670748167918775,7.3849350533443685,7.100112992130446,7.404097040037808,7.172631477765931,6.8760298146109715,7.164905091811794,6.8989503132107375,7.142692220686879,7.528880539687837,7.194734264414972,6.850597076281066,7.3920667075181665,7.233524765894705,7.000705243287193,7.262697812317822,7.155521788763279,7.451855967325877,7.3121226366193675,7.175918797689815,7.11099512480192,7.245148418039122,6.978522769793024,7.418103733541102,7.270440015949574,7.0324255894990015,7.348970407157352,7.0391598762826595,7.432007126042911,7.300663952174142,7.110128112189363,7.318856688791667,7.28720467957011,7.259878704730174,7.209551534150246,7.188947336266077,7.267202485632571,7.203774677406106,7.133413716350494,7.249391392053212,7.191408456821106,7.254523716007753,7.233085455014573,7.214210246982406,7.206734200069866,7.169191874587899,7.229203092503928,7.220721391720226,7.205147021808359,7.200890609390834,7.200890609390834
34,0.0,5.576731019482274,4.655311073649542,5.776440637702091,4.611927279779886,6.517521105580289,5.618703072634113,7.299105331886485,6.3700305919515925,6.925006247118471,6.3347138965042005,6.987953840833762,6.177170559080404,6.649443985300107,6.365956081177886,7.1803306427197615,6.478040736891236,6.144180530335763,7.1107979668525925,6.404197240045898,6.182709687695954,6.626949973281045,6.340027969980764,6.907736132310332,6.5784540185155205,6.385475267251036,6.846057429558476,6.532152501809192,6.298724632613236,6.640648501032146,6.4720663966163,6.181917834686239,6.592703486151023,6.422077035434135,6.313019656171664,6.770529503345167,6.63555614654972,6.3574851969847375,6.846170643479296,6.596577109304583,6.4076475189019115,6.316382145919077,6.625719859755913,6.537071217993227,6.468566929833397,6.413416030779987,6.325209140666602,6.614672715271895,6.566602498294259,6.527469055837516,6.357729650370862,6.8036488870803105,6.7298236285493305,6.572494206281692,6.392678860395597,6.963258052593853,6.763402980099812,6.679249485169752,6.557382548992066,6.501187773553886,6.496198906395185,6.486254416408411,6.454098867270091,6.446991676087861,6.434424560766557,6.4121931984554195,6.367494383411306,6.552233827777933,6.514034037931478,6.489225483794707,6.488613642534019,6.479589822571258,6.47661769608313,6.450029969950442,6.431582712669074,6.429986658455683,6.42590964372463,6.426199002018523,6.426199002018523
35,0.0,5.1515220194822735,3.684114522157478,3.5974850188110534,5.199010918932674,3.918039979904463,5.439396209088929,4.74809490823348,5.6792651373629734,4.770730760888584,5.2754765610881265,4.761390227369688,5.54537506849868,5.299956190102079,5.115477255269414,4.981204193321688,5.671364251100885,5.414831265604913,5.182679775407527,5.132705226653029,5.0561896595125,5.822030597766234,5.333601261393507,5.201117843902953,5.034331633625584,5.501938363082647,5.3396141135955775,5.288745181592327,5.131113050695777,4.9843831366819416,5.768504452833092,5.539638689497612,5.490080738680983,5.413681479398318,5.344488325697645,5.240347782617767,5.176988000020625,5.0024171555987325,5.6389252045026605,5.527816451554514,5.414501705486442,5.371789207224758,5.305466022447969,5.271638529055135,5.24851216714029,5.253800034764584,5.21810697372362,5.183975933011846,5.163280473851911,5.147677630208488,5.092408093233819,5.084761810817718,5.095144858430677,5.027801472118192,5.4600942483146335,5.395244759474615,5.28746369726777,5.248631978893308,5.22782534368076,5.251947697501004,5.27128117988953,5.278765694142111,5.26724675528179,5.272391735820141,5.281884035704255,5.2901862604619225,5.27481645330271,5.256831983920837,5.243843605137525,5.228881146108659,5.249391026536402,5.243553818472304,5.244898394654942,5.23409799017241,5.228963028830376,5.231801213348444,5.235391902840938,5.240030778875715,5.240030778875715
36,0.0,6.019236019482275,4.53484797015748,3.734659903480366,3.92762104575019,5.18280275010139,4.583598113149847,5.344145109186505,5.081824722130255,6.917588787971592,6.061167258876784,5.184170222751966,6.293289384139551,5.591327006589867,5.475104565200205,5.657506695592123,5.479017244074681,5.440120182463189,5.526616546171165,5.573904273669176,5.774711140836067,5.3824364554011845,6.098632034331396,6.14104923722762,5.665479269541965,5.689178224659662,5.6203935620440015,5.851063485939652,5.865821242521376,5.85738203952952,5.955143396035748,5.926042909120202,5.9292402072444546,6.028486735112472,6.049902863087516,6.049332866851727,6.043183989573508,6.0087636494232415,6.010302822821065,6.101707053710153,6.071622623792501,6.114628099341198,6.13154135339843,6.188708547369907,6.2636830819202665,6.046785518773383,6.138851994289628,6.152687425018295,6.150520185414314,6.161547903501518,6.281277869147936,5.875390743145529,6.01020935677357,6.050634820332531,6.0498623764511334,6.148435230565279,6.221548620856684,6.2154483016560755,6.286282523665509,6.16040096828614,6.212111331049956,6.226749953269324,6.259967759780034,6.27807387730489,6.230230713914733,6.262031138556962,6.298902572372989,6.189734754366378,6.2301609589603935,6.222763847870059,6.273677648122328,6.282683700148392,6.267297016448243,6.274809684145206,6.295592159149825,6.279739114609723,6.246231255428122,6.259362958776979,6.259362958776979
37,0.0,-2.599758000000002,-3.6491723131428593,-1.558849593074141,-2.8398540387537503,-1.9413560147975506,-1.672942315983944,-1.733433909657894,-1.5175244908661456,-2.301072945875077,-2.0614762703836176,-1.6449803202711692,-2.234559422335984,-1.8575002567475338,-1.711496004413769,-2.0774446792542802,-1.9020158326520975,-1.869056624440615,-2.321606883598619,-1.8042087126288955,-2.1635900989742556,-2.0398519870003406,-1.9636668579602528,-2.218729022884842,-1.7631864865582139,-2.034330183853933,-1.7430630311941269,-2.1777793191122674,-2.0455239639890896,-1.9558963413905797,-2.2847697771649775,-2.1759113236393937,-1.935953607526616,-2.2145384994452098,-2.138972710087583,-1.9539476437135195,-2.1380177385569605,-1.9816844903414923,-2.195215093592614,-1.781976781879806,-2.1143654301822847,-1.995086255211274,-2.1047245888726827,-1.9860838709850144,-2.0825814436422743,-1.8976106654670244,-2.072183511022281,-2.197797773353417,-2.097689516568795,-2.028247740269693,-2.2519873512824113,-1.9417057430301214,-2.10443615688467,-1.8322064465115686,-2.087146984248004,-2.252825562657556,-2.1080082741220267,-2.2221679640590657,-1.9647032504696136,-2.0793158266192093,-2.1616275888023515,-2.0988064452470088,-2.1413315558779167,-2.0998897994969963,-2.1239878575710325,-1.9509397472139458,-2.0376870482838534,-2.100238205612533,-2.1533811763788577,-2.116198161063174,-2.170649051210239,-2.1531994568966226,-2.1364024607719494,-2.0892117951661056,-2.114661588352036,-2.128407779144636,-2.1010030050004884,-2.1091877353288213,-2.1091877353288213
38,0.0,-2.6097321067669186,0.3889722086499655,-0.7335796158239473,1.0884147398814699,0.2676780008230917,1.2734673740988094,0.47950219140107775,1.0347482356451727,0.8480813962868996,1.3818318894075563,0.3483973790743294,1.0724199925128342,1.1814133661306798,0.8643314444239597,0.8914046607119979,0.6521650809204111,0.9512525736682887,0.9554424051551931,0.9400459499981776,0.7225109957982432,1.1040395596021684,0.9194024991835427,0.8770916269097149,0.8163703317931228,1.1467808073508172,0.8741726294138339,0.8256686483088689,1.1814253492331441,0.8632947067391283,0.7010194771726548,0.9283614731493215,0.8574809154035068,0.726322059222063,0.8926875594651633,0.8300072720458186,1.0966415471416369,0.892209863741351,0.8872509120459806,0.7513956092064151,1.1960254950376024,0.9675317072989951,0.9679238682749123,0.954036199654005,0.9430541697117792,0.9299941224469254,0.8450301431942069,1.0211597444436533,0.9597662638976604,0.942563667829426,0.93437717736946,0.8103956679697358,1.0521029122708692,0.9651430272871961,0.8570488334081189,0.8576648304061745,0.7695438923371354,0.9789175441978616,0.9063537810727368,0.8543012442428415,0.9730711243985352,0.9579784335850348,0.9522407001472682,0.92843084656997,0.9150849163013223,0.8838440696635617,0.8377756409157769,0.9543884942576494,0.9484039918635322,0.9215780565362932,0.8955220868885323,0.875403676553139,0.8729634665273796,0.8602422803380376,0.8544977392113092,0.8771703890189954,0.8631031974473066,0.8616698323450973,0.8616698323450973
39,0.0,6.28394963311864,4.7424610580665725,4.78456457125291,5.091376393512655,5.960628952241995,4.793668258918388,5.6483778685667705,5.690957114481265,5.801435102664253,5.419677428352354,6.491766537762543,5.82837281164784,5.424781635281413,5.844625527114385,5.41428064471098,6.06964891558044,5.694268271450193,5.946743926767966,5.539796288261461,6.371647488617316,5.821128032451487,5.761634593544961,5.803267060832076,5.855597976396046,5.816085514566126,5.6896840834532325,5.748847102427036,5.615668183559079,5.941848344748114,5.8727952799840555,5.8197710596144905,5.8141623101393725,5.8155012376947965,5.791388174887592,5.782957307262287,5.76127520939371,5.682030241251061,5.733027959740438,5.7546440814694355,5.682154943353214,5.971590429391024,6.001867592091377,5.859638549000249,5.862971500358072,5.88071261046417,5.84882684160998,5.834497417780842,5.808411458136873,5.807806990903204,5.853512680720246,5.81964573742192,5.795180547031587,5.812027733591275,5.781537970128241,5.830169749571573,5.810406615028397,5.79294094702499,5.791740419713222,5.782221546524949,5.761376122007703,5.758130211203766,5.761122968877906,5.750618276186723,5.749032961451403,5.749735967695475,5.734767295538327,5.739251296691781,5.743085117483059,5.731745223194546,5.726996751046827,5.772541657500333,5.772849309493625,5.771868579932418,5.7727668871796345,5.769839850162584,5.766954865123154,5.767892648353269,5.767892648353269
40,0.0,7.209585258118639,6.03579746056657,5.586125074517885,6.4578932171119,6.1554322099640855,6.496178121933267,6.508765287289709,6.401135849361672,5.818507816181492,6.24039748790187,5.984936031616045,6.617418347178881,6.51593222617656,6.564192275450689,6.596042702356004,6.474194541106877,6.342350980753809,6.350650256222668,6.296506739855795,6.265503468649557,6.093263377933739,6.348491555390156,6.250493833471483,6.22280719410978,6.055656308855238,6.323846158041294,6.177430475553995,6.312903222238482,6.2284175423651575,6.519890540067823,6.300246264203489,6.247585333868914,6.57902226280737,6.46705798439376,6.318309019848209,6.213430151721114,6.3782503931731895,6.351745673426877,6.099379896494664,6.180466540260569,6.112138355666618,6.097662203620286,6.102326573003524,6.032648461256041,5.944271471687346,6.109760109545262,6.038444800721217,6.105040824781281,6.067098778317442,5.988916657731442,6.257360382621213,6.153995526665444,6.005798628505963,6.1664343995255875,6.143464871804589,6.071175843389447,6.001704328159782,5.873118368329033,6.007876837705985,6.053221481441654,6.021720802901094,5.990121605632621,6.019262609338867,6.0565685993663285,5.9982415775140785,6.092224029309551,6.047593863882161,6.00951892212744,6.037756414736682,6.097252886631252,6.078626196394305,6.072467576547117,6.046863171897495,6.022726410953231,6.029957583243576,6.051913271828892,6.045870153795159,6.045870153795159
41,0.0,-3.228477000000002,-1.9113220070236439,-0.7938310549349796,-0.26904991070870915,-1.2182562850544278,0.04327115489938319,-0.6020249530371625,-0.8872941710595812,-0.4413542210345401,-0.6417811619329077,-0.20084410153119045,-0.5109485894212016,-0.1834125287374815,-0.40737375486223387,-0.1879928815106058,-0.5835514639910682,-0.4052187434241948,-0.7519881708955009,-0.43088370388611974,-0.6894728905462195,-0.4110036881240905,-0.4531615125876549,-0.3930568635284169,-0.7431849870319794,-0.6316926871585455,-0.6566452242309477,-0.5528073515530566,-0.8585010790429046,-0.7340851605252163,-0.7460903093638437,-0.6912198854209562,-0.6485164927630422,-0.9289563972845367,-0.8890687269264755,-0.7909877371563152,-0.7190841428856237,-0.7494775027896451,-1.0338682543837814,-0.8704875353925221,-0.8883948554118274,-0.8005978137996981,-0.98984156763177,-0.9273152325555872,-0.8776751772990631,-0.8132131359279873,-0.9870936520249955,-0.9366118909003396,-0.9400667296337342,-0.9114504879139405,-0.8558973854545497,-1.1292045148703074,-1.0673017902208457,-0.9465298500919423,-0.9315069783648287,-1.2157749635940098,-1.1679428924616506,-1.1140524230255249,-1.0106157410813827,-1.0102363560247256,-1.01259538074572,-1.007390887075625,-0.9842214901799293,-0.9853593065535453,-0.9915240418206979,-0.9407240658325055,-1.0351762733058454,-1.0024423866149268,-0.9743694680095228,-0.9839715031494504,-0.9809803480146554,-0.9808196194013582,-0.97588585295656,-0.9571050819834062,-0.9535649381660275,-0.953645332751671,-0.9527721897052152,-0.9479110151345576,-0.9479110151345576
42,0.0,-3.228618000000002,-1.4452254190236438,1.0262587746048313,-0.38902662525599796,-0.21729329626829572,-0.776903321085071,-0.8149339125891211,-0.5601802956135196,-0.6374109838447232,-0.986079822523245,-1.0450525128731365,-0.7693751479098164,-1.6102628922892441,-1.6018840243380201,-1.531627523196247,-1.4908801432177117,-1.656208704016058,-1.2988671047648246,-1.8043136889932911,-1.5971145961895326,-1.699919569830209,-1.8142174139177871,-1.756889988511249,-1.7340823688903777,-1.887122509155742,-1.9434862563902255,-1.8408598459126544,-1.8784350368937668,-1.9404513664308807,-2.004313728170816,-2.0728974921094028,-2.0394170912868224,-1.9961628939721887,-1.9983156355942475,-2.0625046916111742,-2.1130786736882525,-1.8972037276121334,-1.9244117640275513,-2.0273887836611713,-1.797157453541726,-1.860998249192142,-1.8615536122892087,-1.836124915329449,-1.8706614075073238,-1.9129594478022212,-1.7833160280518436,-1.8220524179897721,-1.8507970906566038,-1.8700668795412356,-1.8209482166507653,-1.840593184941343,-1.8739457157386514,-1.908695228982545,-1.7428703019939302,-1.7445901545342448,-1.6968312643132906,-1.7348135013582253,-1.815299344300291,-1.8615122510928195,-1.8918180137207163,-1.8511801057091974,-1.8675532352926965,-1.8818932459164888,-1.8577585034767352,-1.897972311999391,-1.8264469435874293,-1.8506598149823175,-1.8699804275209948,-1.8453825121353291,-1.8708126035429062,-1.8515039485137907,-1.8549448731367053,-1.8677748079298728,-1.838085132207382,-1.842491567383298,-1.8508731962933493,-1.8545730850018178,-1.8545730850018178
43,0.0,10.433626465261499,16.56573206444712,15.439262284064712,15.70358493605597,15.804194259006136,14.611520660875707,15.070164589529044,14.558396558000236,14.834038859975227,14.060043727856266,14.224537000933223,13.721748262214296,13.971699209202534,14.155948448819446,13.746147867901163,14.055347275857956,14.024241665068264,13.67681012111495,13.968382756754814,13.55232957751164,13.67546461578367,13.707228000389078,13.419898148375848,13.742380259479445,13.714872941389945,13.850568592756305,13.475962429562442,13.648562081534694,13.682593973414107,13.697899675491845,13.76067057646169,13.58145843944226,13.824229167075586,13.643787271236937,13.696764284603058,13.729344398906552,13.452033101397724,13.620135240761385,13.741609768279119,13.604481188846794,13.656147785536271,13.758425773182154,13.640374279797454,13.66760010039475,13.699755998989225,13.681062160855562,13.705321414761222,13.71620237111732,13.729417585462045,13.48696318565457,13.663982461355722,13.720028795863959,13.843495064931636,13.618840723857092,13.774955012095631,13.565150430150764,13.590079227800059,13.632786990486846,13.649418937933227,13.65242511758294,13.636132417112607,13.647778999424803,13.650127261327627,13.631945146511969,13.6479135171757,13.641272085788996,13.65565334785514,13.669181856339437,13.653734335980504,13.658437549221237,13.650353459837081,13.652391844472483,13.661457229475545,13.65002060778712,13.651408750344597,13.654695163936346,13.656570873534314,13.656570873534314
44,0.0,-1.9101270000000012,-0.7870828211428577,-1.4781951893051437,-0.9154943219261497,-1.5998828102405014,-0.9287504579681102,-1.642232598072627,-1.6456027561593587,-2.220185316373495,-1.4452296149039894,-1.8311829417281797,-2.307984030324735,-1.8467379228866807,-2.049179728438065,-1.8588237977342759,-2.2578907981469096,-2.0646420286424503,-2.212064815619213,-2.332545482256921,-2.304406244895672,-2.530412703453596,-2.612114885867256,-2.464097079747769,-2.82137623325895,-2.539634908508205,-2.8526183294948004,-2.6064255858093537,-2.707211336073359,-2.7952517373546315,-2.887819688708702,-2.974647113157651,-2.869452896384694,-3.1388834544120257,-3.0165095150228765,-3.0972694723590397,-3.1500744941346284,-3.0794375670910497,-3.1694880236800156,-3.2342436454468415,-3.4592451249348977,-3.5198885265191424,-3.5712800049016504,-3.4932693231712624,-3.529290443949712,-3.5791812110677492,-3.535133507446134,-3.5678084555308933,-3.588972546342177,-3.6099962110641237,-3.452191438365392,-3.4667688438446227,-3.4878710611869534,-3.7126470029701295,-3.6423927884009233,-3.7204064092358324,-3.5837210951567418,-3.619935246443351,-3.6851678562680403,-3.7155958074681394,-3.7286497326233308,-3.724821800359504,-3.7403944175481825,-3.746526984295538,-3.741877403342652,-3.768971129309225,-3.7445181221795134,-3.76754857865759,-3.7855507871856444,-3.785784134824087,-3.7957781308166334,-3.795525907888334,-3.798823298647112,-3.8109330054525237,-3.807790206436166,-3.81040866622973,-3.816646539373461,-3.8191811428340876,-3.8191811428340876
45,0.0,5.028508548553203,4.686569967251586,5.1125172094784785,4.280399281091764,5.0194059429178735,4.718424193580288,5.278901923685966,4.949768837120097,5.297788948290649,5.316043312462442,5.157827003735567,5.599414691526375,5.753900599915039,5.582770108339216,5.510683327013963,5.664160243901808,5.809875943007519,5.658843262370076,5.764082904924753,5.956256920347462,6.075426949185507,6.142614192122537,6.074808642923704,6.350444314850079,6.198854539923377,6.280314924932266,6.069358233910856,6.27502687002802,6.315186026164154,6.355827484098225,6.390398463662437,6.363157161055854,6.439285408201735,6.467240364561778,6.516056743208086,6.53292516865009,6.461392447598521,6.644829577294293,6.53725805335711,6.618007034796563,6.6389602696427445,6.653597945058818,6.630285505106387,6.65378569788355,6.683366031446513,6.665398907006262,6.684153185695859,6.696864113395988,6.709282928715612,6.78755728964029,6.727055914688923,6.683360075968588,6.7518781037451205,6.740807208336885,6.787846220920126,6.724981174505629,6.747439714919401,6.760597480906093,6.7871166229018405,6.79317392316443,6.779234560805105,6.789528864191555,6.792185277598981,6.788308721766184,6.854675634548522,6.8452096580435615,6.853059857103924,6.8645414979613,6.857147873467415,6.870487134100079,6.864458826498545,6.866361034338714,6.872895590201359,6.865098903430755,6.866200471193991,6.868544260727794,6.869424716467066,6.869424716467066
46,0.0,1.1580643333333343,1.0793159586666674,1.005922473477334,1.3302099081787155,1.215811856075346,1.533205026150072,1.4442791346333677,1.9467290735748666,1.7773636441738532,1.9442143711185513,2.1763672944803196,2.2831573926560886,2.1963974117351572,2.445687826820804,2.5813232502675096,2.6490602698414802,2.566939401476394,2.751789976789287,2.8237255376248727,2.826471418270377,2.911106675866481,2.955229008969819,3.045151222664845,2.9446612323169052,2.9678786852059336,3.0406142033349615,3.1842116505582085,3.095053724342579,3.1279417035800696,3.201359335879828,3.2582253524828326,3.288060845433176,3.334980596785247,3.3533758490270382,3.3841015803484433,3.417571955062868,3.476915084231234,3.3865152920412216,3.4763277109436554,3.5056221735919513,3.527943463161664,3.570251757621249,3.5846264847721727,3.5974455934396787,3.6135813551315232,3.612691216159682,3.6243876127819252,3.632266899492452,3.638973298095497,3.5407210190469187,3.5925437145897927,3.6249055588709456,3.650782731016914,3.6487670763965756,3.688232465743598,3.729351119031495,3.740578256722149,3.7812221133309842,3.791878670084343,3.8036273980638375,3.8114128884715823,3.8161058240292247,3.821907506557137,3.8210917840374656,3.7828808661970905,3.781017819267514,3.7934006945326413,3.799140290365446,3.8019928694943492,3.801982905146877,3.8045789393365834,3.805524360397247,3.8093022629556574,3.8119023561667906,3.8136404538106237,3.817113172903002,3.818772059730099,3.818772059730099
47,0.0,3.97884818842398e-16,5.362536581871027e-16,4.639735028343918e-16,1.0648241626961441e-16,3.3648117882940164e-16,4.871348115513261e-16,3.7661257817820536e-16,4.704963562624663e-16,7.421264818364014e-16,9.655162101126863e-16,1.1899211036491416e-15,1.214156832321149e-15,1.2014321448420638e-15,1.1931829223645343e-15,1.353037811451305e-15,1.3352717072143312e-15,1.4800049539230452e-15,1.6533348297573027e-15,1.700353553685909e-15,1.829676413060966e-15,1.882120302174356e-15,2.0028441981013507e-15,1.97871587985474e-15,2.0136873821547395e-15,2.0355093667371703e-15,2.2463375088945406e-15,2.1480880885830253e-15,2.023481185114544e-15,1.8882525716709965e-15,1.6733102543510086e-15,1.6558579956130017e-15,1.6191348313167592e-15,1.6845566524777418e-15,1.6154445157395317e-15,1.5878965658137237e-15,1.6754096723276992e-15,1.8364036163314755e-15,1.7629550151975746e-15,1.7588404276643175e-15,1.9522659030394562e-15,1.9395695843967227e-15,1.886575583525098e-15,1.8649020418449287e-15,1.788826341983454e-15,1.790703461096796e-15,1.7461363199721839e-15,1.7414750735434312e-15,1.7090227337400083e-15,1.6991576194853967e-15,1.6546472703472095e-15,1.5972405572031909e-15,1.6419603451484552e-15,1.6288111221120299e-15,1.523279924275621e-15,1.5613813761840188e-15,1.6062831825834612e-15,1.6258473951072922e-15,1.538080827720644e-15,1.4987594143356206e-15,1.4938169514434396e-15,1.495689628154136e-15,1.491790539044757e-15,1.476755614195808e-15,1.461749806909851e-15,1.4339428593082055e-15,1.3921027199073532e-15,1.4030179190886462e-15,1.422913163237315e-15,1.4170800084836038e-15,1.365101630217443e-15,1.363293356156657e-15,1.3639648795600332e-15,1.3510802957394212e-15,1.3531315051308017e-15,1.348707052650348e-15,1.3457840412264434e-15,1.3476063896082874e-15,1.3476063896082874e-15
